75
Alysiella_crassa_DSM_2578_GCF_022871045.1.converted               0.00000000 0.32642865 1.41459567 0.64365539 0.57040842 1.27603959 1.30495275 1.26131686 1.30004672 0.81487623 0.82024195 0.80587954 0.81887341 0.57006409 0.56432453 0.46519100 0.49154949 0.57341519 0.74337231 0.72182240 0.71183584 0.77658562 0.78463319 0.76147677 0.75719918 0.76051786 0.67898825 0.72051248 0.73326328 0.77461168 0.67817697 0.71343796 0.69283644 0.70792903 0.74815252 0.73054738 0.76501185 0.71378065 0.75744720 0.76456978 0.73792272 0.75961379 0.75707368 0.73685909 0.69975188 0.73771152 0.73085895 0.75920347 0.80423721 0.76730573 0.73794721 0.73821061 0.72540238 0.70192694 0.77339079 0.74519586 0.73060562 0.73099220 0.75648793 0.75938224 0.72699588 0.73356038 0.67623069 0.69612828 0.74411725 0.70140236 0.73905081 0.35507381 1.00231891 0.83278005 0.69440153 0.70123963 0.89729238 0.91171869 0.40673524 
Alysiella_filiformis_DSM_16848_GCF_014054525.1.converted          0.32642865 0.00000000 1.27355294 0.59320802 0.51837394 1.14086869 1.16345036 1.12729893 1.16147226 0.71670309 0.72975836 0.70680731 0.71613311 0.50031781 0.49850981 0.41536932 0.46815965 0.50231754 0.66087769 0.65027747 0.64257601 0.71021124 0.68298433 0.68535067 0.68261045 0.68623099 0.61582806 0.65023190 0.65380408 0.70403454 0.61766255 0.63884143 0.61070020 0.63026250 0.66457845 0.65963851 0.68715293 0.65184220 0.68415190 0.68929488 0.65718047 0.68396158 0.68116967 0.68082351 0.63140766 0.65973727 0.64934658 0.68745385 0.73663133 0.67405611 0.65706840 0.66003854 0.66132865 0.62710914 0.67675621 0.66700478 0.66106856 0.66216010 0.68269367 0.68297249 0.66041989 0.66810042 0.61766165 0.63065102 0.68505241 0.62668751 0.66016830 0.42500021 0.93901395 0.76814413 0.61919776 0.62912524 0.80446795 0.83124647 0.40312245 
Chitinolyticbacter_meiyuanensis_SYBC-H1_GCF_008033135.1.converted 1.41459567 1.27355294 0.00000000 1.24356302 1.21755868 0.61606387 0.63376548 0.58487449 0.63778970 1.02921368 1.06141166 1.01050198 0.98850077 1.14391227 1.09908894 1.31314190 1.36042960 1.14793909 1.10496044 1.11124588 1.12914444 1.25386214 0.99519603 1.12555153 1.12389540 1.12635263 1.12069670 1.14600568 1.04361014 1.17279438 1.12479112 1.00452805 0.97921779 1.09909169 1.08491302 1.14597825 1.12184824 1.16458597 1.11994982 1.12665720 1.09611974 1.12385814 1.12348780 1.23001181 1.07368073 1.10015910 1.05100284 1.13134007 1.06042953 0.97261446 1.09639398 1.10710307 1.17995207 1.08437119 1.00390549 1.08262883 1.14990993 1.15606953 1.11817353 1.12706844 1.17219605 1.17802708 1.11137262 1.12106046 1.24356850 1.08344254 1.02676063 1.45842169 1.38152133 1.28407039 0.99041996 1.02424852 1.18030502 1.34135042 1.39979457 
Conchiformibius_khuniae_DSM_17694_GCA_022871025.1.converted       0.64365539 0.59320802 1.24356302 0.00000000 0.32346040 1.07201120 1.07770981 1.03578535 1.07862829 0.72603852 0.74102703 0.71268750 0.70709638 0.61549697 0.61531033 0.66620400 0.70983178 0.61352469 0.72837163 0.71547005 0.72748840 0.82702472 0.67503473 0.74964197 0.74768031 0.75137220 0.73358989 0.73163778 0.69637355 0.79935263 0.73275097 0.67117084 0.63981674 0.70392695 0.70532303 0.76701037 0.74787537 0.76965834 0.73886649 0.73812835 0.72897809 0.74900780 0.74397385 0.79181784 0.70187179 0.72899033 0.68407194 0.75282282 0.71763641 0.67474708 0.72716436 0.73467777 0.75689439 0.69769830 0.67179021 0.72022629 0.77004190 0.77250470 0.74491938 0.75021700 0.75756967 0.77620586 0.74248152 0.73340133 0.80479293 0.69870109 0.65998138 0.73323105 1.08329616 0.87735226 0.65106715 0.66893678 0.96268289 1.04794581 0.70688008 
Conchiformibius_steedae_DSM_2580_GCF_014054725.1.converted        0.57040842 0.51837394 1.21755868 0.32346040 0.00000000 1.10190532 1.09963684 1.07632616 1.09826832 0.68308269 0.69877004 0.67369522 0.68206931 0.57238467 0.57163311 0.57127421 0.62154958 0.57350430 0.66615497 0.64770447 0.64139717 0.71086795 0.64961474 0.68481226 0.68158529 0.68459722 0.64546373 0.65016547 0.65367340 0.70768045 0.64643499 0.62746478 0.59711851 0.62783573 0.65129083 0.67638462 0.68489516 0.67524930 0.68092463 0.68477350 0.66389861 0.68454366 0.68045937 0.67552250 0.64454044 0.66511723 0.62664297 0.68477028 0.68671122 0.62767648 0.66331110 0.66552159 0.66514150 0.62410302 0.64337486 0.66541382 0.67827104 0.68016507 0.68322763 0.68367507 0.66490841 0.66922272 0.65200958 0.65202797 0.68095516 0.62320206 0.62160943 0.60534391 0.91655691 0.76146032 0.61124113 0.61432551 0.83918510 0.87989897 0.59902908 
Crenobacter_cavernae_K1W11S-77_GCF_003355495.1.converted          1.27603959 1.14086869 0.61606387 1.07201120 1.10190532 0.00000000 0.35860440 0.13354333 0.35964955 0.89951425 0.92636162 0.87209660 0.85381075 1.01087072 0.96595624 1.16384425 1.19612141 1.01239384 0.94062916 0.95783156 0.97865602 1.10570376 0.82726235 0.96402504 0.96087171 0.96256388 0.97325015 1.00382965 0.87933471 1.00905400 0.97820210 0.86015634 0.83658124 0.95085861 0.92477274 0.98924484 0.95915612 1.01209229 0.95523869 0.96202334 0.93473719 0.96173739 0.95918453 1.07866101 0.91924096 0.93774535 0.92000984 0.96990116 0.91482879 0.84239263 0.93463745 0.94468447 1.04332139 0.93091478 0.83594289 0.92481765 0.99230628 0.99813347 0.95924989 0.96319592 1.03358396 1.02716596 0.95789109 0.97278997 1.09778073 0.93102021 0.88834841 1.32721435 1.24599920 1.14965609 0.85417706 0.88758501 1.04120937 1.20611814 1.26340534 
Crenobacter_intestini_GY_70310_GCF_004919095.1.converted          1.30495275 1.16345036 0.63376548 1.07770981 1.09963684 0.35860440 0.00000000 0.32962338 0.04863439 0.89247588 0.91969544 0.87189853 0.84268020 1.01333367 0.97268562 1.17990681 1.21865253 1.01488165 0.94714629 0.96284362 0.98337721 1.11463275 0.83118176 0.96523924 0.96361529 0.96475563 0.98492663 1.01063145 0.88587533 1.01035200 0.99098352 0.85822385 0.84008228 0.95822003 0.93347637 0.99561663 0.95936021 1.02192689 0.95730051 0.96335947 0.94033092 0.96395920 0.96165054 1.09135325 0.92751819 0.94451694 0.91761804 0.97198713 0.91892123 0.83520086 0.94207701 0.95182582 1.05402742 0.93635047 0.84352902 0.92942692 0.99900167 1.00575049 0.96222326 0.96444025 1.04310917 1.03676475 0.97119267 0.98513683 1.10747314 0.93785376 0.88281313 1.35590460 1.26959011 1.15874335 0.85896544 0.89205845 1.05095407 1.22612442 1.28438984 
Crenobacter_luteus_DSM_27258_GCF_004345725.1.converted            1.26131686 1.12729893 0.58487449 1.03578535 1.07632616 0.13354333 0.32962338 0.00000000 0.33165897 0.86690083 0.89269318 0.83812616 0.81442729 0.98483115 0.94274244 1.15274940 1.19430506 0.98769293 0.91980276 0.93532827 0.96029336 1.08924341 0.79407108 0.94332742 0.94064477 0.94154302 0.95613403 0.97995709 0.85704446 0.99034157 0.96186659 0.83063125 0.80981909 0.93226000 0.90283197 0.97240197 0.93699481 0.99577185 0.93351063 0.94047198 0.91401899 0.94073781 0.93847374 1.06511421 0.89930335 0.91644579 0.88965976 0.94833093 0.88502955 0.80602390 0.91390357 0.92385144 1.02325277 0.91191841 0.80506453 0.90153236 0.97509082 0.97996424 0.93859130 0.94259219 1.01124048 1.01312486 0.94222900 0.95706475 1.08535928 0.91293011 0.85903497 1.32536657 1.23408746 1.13244675 0.82699414 0.86146746 1.02687003 1.20330790 1.26038164 
Crenobacter_sedimenti_HX-7-9__GCF_010435965.1.converted           1.30004672 1.16147226 0.63778970 1.07862829 1.09826832 0.35964955 0.04863439 0.33165897 0.00000000 0.89195096 0.91916734 0.87129387 0.84289466 1.01501412 0.97179187 1.17809197 1.22069511 1.01807772 0.94565407 0.96078779 0.98299080 1.11354167 0.83125715 0.96420243 0.96282596 0.96443919 0.98356119 1.01209182 0.88587301 1.00981372 0.98889209 0.85692226 0.83913347 0.95692484 0.93460186 0.99500170 0.95811799 1.02128146 0.95659659 0.96517573 0.93852425 0.96299816 0.96106812 1.08819986 0.92742595 0.94297090 0.91720697 0.97077602 0.92049164 0.83388781 0.94031758 0.94972042 1.05532548 0.93546093 0.84521371 0.92853812 0.99905839 1.00427014 0.96135576 0.96455445 1.04476784 1.03341406 0.96691007 0.98386139 1.10642065 0.93651965 0.88159861 1.35543037 1.26713445 1.15561089 0.86025734 0.89039442 1.04918402 1.22840184 1.28434941 
Eikenella_corrodens_NCTC10596_GCF_900187105.1.converted           0.81487623 0.71670309 1.02921368 0.72603852 0.68308269 0.89951425 0.89247588 0.86690083 0.89195096 0.00000000 0.06790194 0.05916747 0.16055430 0.61919572 0.59303688 0.74912152 0.77600310 0.62081196 0.56632310 0.59819147 0.58139946 0.68910039 0.50356236 0.60845095 0.60551444 0.60708925 0.60622713 0.59924544 0.55705572 0.63691039 0.60651468 0.54016949 0.50451446 0.56755536 0.53511823 0.59918354 0.60383216 0.63218671 0.60221322 0.61231729 0.56546407 0.60590085 0.60295774 0.65028638 0.57905600 0.56449348 0.54938855 0.60770025 0.57627323 0.37951725 0.56451457 0.56610802 0.62522556 0.55638236 0.51069309 0.56085322 0.60147545 0.60509718 0.60187819 0.60537405 0.62047232 0.63999873 0.61138633 0.60714695 0.66151654 0.55703822 0.57656482 0.83761562 0.88490489 0.76083987 0.52330431 0.53953847 0.82974456 0.93819144 0.79396470 
Eikenella_exigua_PXX_GCF_008805035.1.converted                    0.82024195 0.72975836 1.06141166 0.74102703 0.69877004 0.92636162 0.91969544 0.89269318 0.91916734 0.06790194 0.00000000 0.07604236 0.16601257 0.63082986 0.60903813 0.76166907 0.77862111 0.63221707 0.58091692 0.60998872 0.59111119 0.69518530 0.51633454 0.62091798 0.61822731 0.61906552 0.61858165 0.60969650 0.56746103 0.64864086 0.61845537 0.55209300 0.51464693 0.57608845 0.55775666 0.61230210 0.61808973 0.63789490 0.61508439 0.62573400 0.57950013 0.61818569 0.61746030 0.65779925 0.59217870 0.57817986 0.55859146 0.62009776 0.58589978 0.38593351 0.57861592 0.57936020 0.63480170 0.56481924 0.52283447 0.57484910 0.61368151 0.61721564 0.61496400 0.61838458 0.63089009 0.64661269 0.61613466 0.61889255 0.66813571 0.56442731 0.58954252 0.84769234 0.89541901 0.77142978 0.53399933 0.54930059 0.84245534 0.95313490 0.80812471 
Eikenella_halliae_NML130454_GCF_001648475.1.converted             0.80587954 0.70680731 1.01050198 0.71268750 0.67369522 0.87209660 0.87189853 0.83812616 0.87129387 0.05916747 0.07604236 0.00000000 0.15282858 0.60484005 0.57606624 0.73935628 0.76539005 0.60488434 0.55494783 0.58801401 0.57330566 0.68394998 0.48680275 0.59759182 0.59402650 0.59614719 0.59904565 0.59050161 0.54242153 0.62760579 0.59992516 0.52698134 0.49080245 0.55733146 0.52225416 0.59263033 0.59156499 0.62548566 0.59053056 0.60031325 0.55342869 0.59482314 0.59238889 0.64470879 0.56847151 0.55309209 0.53772729 0.59743526 0.56210893 0.36951755 0.55287667 0.55544968 0.61800596 0.54610856 0.49612731 0.55052181 0.59438921 0.59701953 0.59120862 0.59415764 0.61295957 0.63103719 0.60599669 0.59918011 0.65617826 0.54668317 0.56273075 0.83376986 0.89055642 0.75483074 0.51039004 0.52761681 0.82167559 0.93468365 0.78789407 
Eikenella_longinqua_NML02-A-017_GCF_001648355.1.converted         0.81887341 0.71613311 0.98850077 0.70709638 0.68206931 0.85381075 0.84268020 0.81442729 0.84289466 0.16055430 0.16601257 0.15282858 0.00000000 0.59552944 0.58926555 0.75177659 0.77609114 0.59619495 0.56181480 0.59188630 0.58080518 0.69531920 0.46958934 0.60340665 0.60041124 0.60224718 0.60757371 0.59479095 0.54131577 0.63586644 0.60889712 0.52030134 0.48163707 0.55938445 0.53414084 0.60282720 0.59734394 0.63588200 0.59649821 0.60473941 0.55905493 0.60072970 0.59723570 0.65754253 0.57204534 0.55934586 0.53357346 0.60263129 0.55255328 0.35813466 0.55849530 0.56206133 0.62403224 0.54825087 0.48210604 0.55525658 0.60472225 0.60769541 0.59683890 0.60044877 0.61816143 0.64269889 0.61482807 0.60884269 0.67093773 0.54854802 0.56054020 0.85553235 0.90199898 0.76712415 0.49932696 0.52453194 0.82780314 0.95838582 0.80777543 
Kingella_bonacorsii_Marseille-Q4569_GCF_016623605.1.converted     0.57006409 0.50031781 1.14391227 0.61549697 0.57238467 1.01087072 1.01333367 0.98483115 1.01501412 0.61919572 0.63082986 0.60484005 0.59552944 0.00000000 0.44969853 0.47769971 0.45028491 0.04359879 0.60440195 0.62205648 0.62045579 0.72458453 0.56232940 0.63328652 0.63150056 0.63177006 0.62288987 0.62801174 0.58631056 0.65960137 0.62262390 0.57643005 0.55120306 0.60406167 0.59607108 0.63362964 0.63282341 0.65573871 0.62863413 0.63589597 0.59735781 0.63201838 0.63067156 0.68745664 0.60706635 0.60178491 0.59949144 0.63367118 0.63119377 0.61436180 0.59713145 0.60164010 0.65302057 0.59498094 0.56558556 0.60598192 0.63661073 0.63921716 0.62890246 0.63284949 0.64963405 0.66921224 0.63041706 0.62930380 0.69621315 0.59502255 0.62091537 0.59628294 0.97336621 0.80656817 0.57338195 0.58814687 0.86284413 0.94328088 0.48224035 
Kingella_denitrificans_FDAARGOS_1060_GCF_016127355.1.converted    0.56432453 0.49850981 1.09908894 0.61531033 0.57163311 0.96595624 0.97268562 0.94274244 0.97179187 0.59303688 0.60903813 0.57606624 0.58926555 0.44969853 0.00000000 0.41271337 0.51025602 0.45141386 0.59208810 0.60432251 0.61679013 0.71271521 0.56915374 0.61705895 0.61314008 0.61738629 0.60726046 0.61712442 0.58141111 0.64362295 0.60731985 0.56233312 0.54492645 0.59593719 0.56657506 0.61871512 0.61444472 0.63193531 0.61000520 0.61909102 0.58638373 0.61631520 0.61372166 0.67443491 0.57862372 0.59020152 0.59320961 0.61665162 0.64005690 0.59121574 0.58592183 0.59107898 0.64354867 0.58828168 0.56448398 0.58409962 0.62103359 0.62488095 0.61211719 0.61580797 0.63941919 0.65009054 0.60544607 0.60642251 0.68519624 0.58736715 0.58209185 0.57909510 0.95488309 0.79854976 0.56929978 0.58078039 0.84288592 0.92520988 0.52017413 
Kingella_kingae_DSM_7536_GCF_022871005.1.converted                0.46519100 0.41536932 1.31314190 0.66620400 0.57127421 1.16384425 1.17990681 1.15274940 1.17809197 0.74912152 0.76166907 0.73935628 0.75177659 0.47769971 0.41271337 0.00000000 0.36358926 0.47964299 0.67843224 0.66734461 0.66562175 0.72686478 0.71483850 0.69944692 0.69904925 0.70156893 0.63099953 0.67136198 0.67123858 0.71819909 0.62972906 0.66013236 0.63946114 0.65329344 0.68052202 0.67671919 0.70415740 0.66602436 0.70012207 0.70555786 0.67573676 0.70034985 0.69783792 0.69345345 0.64944597 0.67796669 0.67859993 0.70143010 0.76618598 0.71008685 0.67613237 0.67732555 0.68157898 0.64778022 0.70311346 0.68574319 0.67773476 0.67815061 0.69894806 0.70001557 0.68221342 0.68744778 0.63074046 0.64401469 0.69786057 0.64577371 0.68626155 0.45623324 0.95331779 0.79621632 0.64732333 0.65578411 0.83020275 0.85255023 0.40630842 
Kingella_negevensis_SW7208426_GCF_900177895.1.converted           0.49154949 0.46815965 1.36042960 0.70983178 0.62154958 1.19612141 1.21865253 1.19430506 1.22069511 0.77600310 0.77862111 0.76539005 0.77609114 0.45028491 0.51025602 0.36358926 0.00000000 0.45208936 0.68994447 0.69037508 0.67905763 0.74400715 0.73907713 0.71943705 0.71637742 0.71881330 0.64777445 0.69356313 0.69173430 0.73392879 0.64646555 0.68228927 0.66725028 0.67902982 0.69749934 0.67941362 0.72322352 0.67791670 0.71887654 0.72345558 0.68578694 0.71900427 0.71738801 0.71422140 0.66934287 0.68779127 0.70895100 0.72010239 0.77678851 0.75077299 0.68669773 0.68685706 0.70060803 0.67289902 0.72578284 0.69701388 0.68205897 0.68361339 0.71658531 0.71848259 0.70325828 0.70796612 0.64250490 0.66151496 0.71697813 0.67043591 0.72384412 0.49174815 0.97046121 0.83463641 0.67618552 0.67497128 0.86343897 0.88574701 0.36620789 
Kingella_oralis_DSM_18271_GCF_014054985.1.converted               0.57341519 0.50231754 1.14793909 0.61352469 0.57350430 1.01239384 1.01488165 0.98769293 1.01807772 0.62081196 0.63221707 0.60488434 0.59619495 0.04359879 0.45141386 0.47964299 0.45208936 0.00000000 0.60796664 0.62453180 0.62311898 0.72740801 0.56343298 0.63637929 0.63460421 0.63529808 0.62615555 0.63123657 0.58845680 0.66308724 0.62575901 0.57863808 0.55297634 0.60547602 0.59988129 0.63623221 0.63581501 0.65914432 0.63194600 0.64009466 0.60159310 0.63520499 0.63348057 0.69092732 0.60718733 0.60503284 0.60154760 0.63621121 0.62932587 0.61596811 0.60084129 0.60461717 0.65647394 0.59626689 0.56803253 0.60823387 0.63980734 0.64149339 0.63213092 0.63499450 0.65240161 0.67182510 0.63237290 0.63286666 0.69984762 0.59592335 0.62182182 0.59886599 0.97766754 0.80983831 0.57480815 0.59083865 0.86403845 0.94611698 0.48532368 
Morococcus_cerebrosus_CIP_81.93_GCF_000813705.1.converted         0.74337231 0.66087769 1.10496044 0.72837163 0.66615497 0.94062916 0.94714629 0.91980276 0.94565407 0.56632310 0.58091692 0.55494783 0.56181480 0.60440195 0.59208810 0.67843224 0.68994447 0.60796664 0.00000000 0.34264108 0.41281633 0.52685671 0.44409451 0.23111497 0.22875486 0.23020331 0.34050351 0.49764778 0.31610735 0.23669410 0.34268400 0.32611849 0.37970175 0.40794908 0.38146685 0.22438897 0.23281348 0.35676423 0.23357936 0.23522045 0.05502510 0.22938034 0.23181322 0.47725038 0.31864301 0.02944767 0.42532762 0.23159956 0.49683880 0.55968285 0.05530819 0.04628649 0.51430492 0.39930016 0.43361593 0.20735618 0.22274658 0.22836702 0.22857127 0.23003682 0.51205539 0.46012250 0.34188528 0.34033638 0.48387060 0.40151057 0.51426050 0.74378129 0.86596652 0.75441049 0.43957491 0.42384034 0.79823829 0.86653686 0.69811984 
Neisseria_animalis_ATCC_49930_GCF_008806995.1.converted           0.72182240 0.65027747 1.11124588 0.71547005 0.64770447 0.95783156 0.96284362 0.93532827 0.96078779 0.59819147 0.60998872 0.58801401 0.59188630 0.62205648 0.60432251 0.66734461 0.69037508 0.62453180 0.34264108 0.00000000 0.41329182 0.50889014 0.49481085 0.37735731 0.37597660 0.37727698 0.32560570 0.49286105 0.32034417 0.38936927 0.32676033 0.21315225 0.38074816 0.40993067 0.46927280 0.35526635 0.37704843 0.34177027 0.37773586 0.37879841 0.34036286 0.37573241 0.37487414 0.46849650 0.31222498 0.34216999 0.41758272 0.37858797 0.53348746 0.54969403 0.34007802 0.34523090 0.50814830 0.40364056 0.48194467 0.34134443 0.35683315 0.35773802 0.37537630 0.37673904 0.50621663 0.45085876 0.32498094 0.32769879 0.47608720 0.40395995 0.49031300 0.72944858 0.83921980 0.72848325 0.42339988 0.40688626 0.78200904 0.85039074 0.68868749 
Neisseria_animaloris_NCTC12228_GCF_900637855.1.converted          0.71183584 0.64257601 1.12914444 0.72748840 0.64139717 0.97865602 0.98337721 0.96029336 0.98299080 0.58139946 0.59111119 0.57330566 0.58080518 0.62045579 0.61679013 0.66562175 0.67905763 0.62311898 0.41281633 0.41329182 0.00000000 0.43601357 0.50411020 0.45590016 0.45333906 0.45470768 0.39951541 0.40527238 0.40211676 0.46521890 0.40175103 0.40117628 0.28857507 0.22051376 0.47358966 0.42702115 0.45549379 0.41917515 0.45601008 0.46248769 0.41101435 0.45418790 0.45236821 0.34894238 0.38944247 0.41173894 0.32579205 0.45523441 0.53134247 0.51093015 0.41054993 0.41272553 0.42685722 0.23299374 0.48825639 0.39443423 0.42691066 0.42801577 0.45241321 0.45477218 0.42325532 0.34243399 0.40416741 0.40404390 0.35296951 0.22625422 0.48991728 0.71894206 0.80236370 0.69532562 0.35855213 0.33899236 0.76088994 0.81763409 0.67396939 
Neisseria_arctica_DSM_103136_GCF_022870905.1.converted            0.77658562 0.71021124 1.25386214 0.82702472 0.71086795 1.10570376 1.11463275 1.08924341 1.11354167 0.68910039 0.69518530 0.68394998 0.69531920 0.72458453 0.71271521 0.72686478 0.74400715 0.72740801 0.52685671 0.50889014 0.43601357 0.00000000 0.62165757 0.56179070 0.56148594 0.56216494 0.49493787 0.51723379 0.52547427 0.56487425 0.49495485 0.50957428 0.44920111 0.44839965 0.56959850 0.52404988 0.56605250 0.51021339 0.56496511 0.56962259 0.52654388 0.56174896 0.56075231 0.47687856 0.50181641 0.52717286 0.47896454 0.56337577 0.65007705 0.62003655 0.52594889 0.52722850 0.52068298 0.44611219 0.60085209 0.51840302 0.52270225 0.52288969 0.56110490 0.56107656 0.52123905 0.46798328 0.49135236 0.49999758 0.47831023 0.44605835 0.56890017 0.75338767 0.80290380 0.74321119 0.40760881 0.38839658 0.81631240 0.84173522 0.72366596 
Neisseria_bacilliformis_DSM_23338_GCF_014055025.1.converted       0.78463319 0.68298433 0.99519603 0.67503473 0.64961474 0.82726235 0.83118176 0.79407108 0.83125715 0.50356236 0.51633454 0.48680275 0.46958934 0.56232940 0.56915374 0.71483850 0.73907713 0.56343298 0.44409451 0.49481085 0.50411020 0.62165757 0.00000000 0.48029000 0.47790232 0.48046034 0.52160942 0.52078491 0.43171573 0.51104409 0.52388419 0.43493528 0.40970916 0.48387626 0.31675078 0.49471938 0.47606688 0.54072736 0.47582582 0.47984760 0.44032536 0.47868039 0.47828807 0.58481878 0.47421885 0.44220013 0.46195310 0.48052095 0.16025805 0.50300988 0.43983756 0.44663738 0.54805255 0.47657314 0.19306596 0.43744533 0.49681804 0.49886002 0.47625764 0.47972917 0.54291633 0.55878627 0.52884938 0.51918114 0.59782628 0.47769718 0.45374681 0.81970589 0.93310389 0.79393754 0.45651579 0.46561020 0.83377936 0.96172314 0.76962737 
Neisseria_benedictiae_M091_GCF_958267435.1.converted              0.76147677 0.68535067 1.12555153 0.74964197 0.68481226 0.96402504 0.96523924 0.94332742 0.96420243 0.60845095 0.62091798 0.59759182 0.60340665 0.63328652 0.61705895 0.69944692 0.71943705 0.63637929 0.23111497 0.37735731 0.45590016 0.56179070 0.48029000 0.00000000 0.05800673 0.05477172 0.39056809 0.53321516 0.36697157 0.10742957 0.39040663 0.36272968 0.42127622 0.44958453 0.42833872 0.26208132 0.06651185 0.40454983 0.07044384 0.08080919 0.23103514 0.05922913 0.06191086 0.51694755 0.36345890 0.23217512 0.46513497 0.05981280 0.53597743 0.59172550 0.23063675 0.23401021 0.55203297 0.44443168 0.47035407 0.28600384 0.26949722 0.27136626 0.05926510 0.05868736 0.54946082 0.49414015 0.38976400 0.38750157 0.52499095 0.44516272 0.53095637 0.76426774 0.88768658 0.78084304 0.47939503 0.46297509 0.82919032 0.89328979 0.72357455 
Neisseria_bergeri_M40463_GCF_003490325.1.converted                0.75719918 0.68261045 1.12389540 0.74768031 0.68158529 0.96087171 0.96361529 0.94064477 0.96282596 0.60551444 0.61822731 0.59402650 0.60041124 0.63150056 0.61314008 0.69904925 0.71637742 0.63460421 0.22875486 0.37597660 0.45333906 0.56148594 0.47790232 0.05800673 0.00000000 0.05481279 0.39050699 0.53142354 0.36512303 0.10956296 0.39003308 0.36127692 0.41862802 0.44775261 0.42657675 0.26016306 0.06371970 0.40430951 0.07695172 0.08357185 0.22838025 0.05037654 0.06154713 0.51481584 0.36246755 0.22914277 0.46267618 0.06188868 0.53448283 0.58921340 0.22779498 0.23082725 0.54927511 0.44227952 0.46775891 0.28353177 0.26935223 0.27065457 0.05238949 0.05734232 0.54741443 0.49199919 0.38945213 0.38707949 0.52298046 0.44340506 0.53066602 0.76169600 0.88589459 0.77836835 0.47824217 0.46141552 0.82871937 0.89177895 0.72270873 
Neisseria_blantyrii_M338_GCF_962747465.1.converted                0.76051786 0.68623099 1.12635263 0.75137220 0.68459722 0.96256388 0.96475563 0.94154302 0.96443919 0.60708925 0.61906552 0.59614719 0.60224718 0.63177006 0.61738629 0.70156893 0.71881330 0.63529808 0.23020331 0.37727698 0.45470768 0.56216494 0.48046034 0.05477172 0.05481279 0.00000000 0.39039865 0.53365935 0.36680021 0.10487337 0.38980465 0.36292464 0.42037450 0.44828217 0.42785430 0.26174133 0.06684785 0.40462520 0.07814260 0.08434853 0.23020980 0.05666840 0.06365991 0.51645856 0.36350282 0.23080561 0.46411612 0.06043967 0.53530529 0.59074132 0.22932347 0.23272260 0.55227394 0.44292222 0.46958345 0.28552514 0.26894325 0.27068886 0.05472167 0.05381693 0.54983267 0.49347813 0.38979057 0.38740567 0.52450194 0.44400188 0.53165973 0.76372570 0.88641343 0.77992236 0.47968553 0.46324170 0.82975831 0.89127634 0.72451962 
Neisseria_brasiliensis_N.177.16_GCF_009671065.1.converted         0.67898825 0.61582806 1.12069670 0.73358989 0.64546373 0.97325015 0.98492663 0.95613403 0.98356119 0.60622713 0.61858165 0.59904565 0.60757371 0.62288987 0.60726046 0.63099953 0.64777445 0.62615555 0.34050351 0.32560570 0.39951541 0.49493787 0.52160942 0.39056809 0.39050699 0.39039865 0.00000000 0.48290549 0.33273122 0.39795989 0.04737032 0.31476079 0.38433705 0.40190357 0.48233766 0.33924537 0.39288909 0.14974878 0.39317552 0.39640993 0.33752201 0.38932621 0.38954587 0.44517482 0.18298702 0.34011044 0.42448964 0.39115781 0.56289916 0.55848921 0.33718361 0.34029725 0.49258025 0.39417388 0.50540440 0.34075374 0.33848254 0.33920247 0.38892925 0.38955704 0.49227435 0.43802853 0.09438015 0.10763037 0.45158502 0.39489916 0.51041655 0.68245451 0.81986620 0.70430243 0.40460584 0.39486230 0.71987442 0.77335762 0.64619389 
Neisseria_canis_NCTC10296_GCF_900636765.1.converted               0.72051248 0.65023190 1.14600568 0.73163778 0.65016547 1.00382965 1.01063145 0.97995709 1.01209182 0.59924544 0.60969650 0.59050161 0.59479095 0.62801174 0.61712442 0.67136198 0.69356313 0.63123657 0.49764778 0.49286105 0.40527238 0.51723379 0.52078491 0.53321516 0.53142354 0.53365935 0.48290549 0.00000000 0.48262131 0.54664346 0.48340724 0.47232538 0.41275669 0.39827132 0.48852502 0.50723464 0.53398734 0.50400108 0.53322621 0.53919269 0.49552523 0.53235977 0.53110459 0.48588820 0.47176018 0.49693059 0.44990011 0.53396645 0.55698347 0.52191031 0.49565685 0.49670785 0.14745662 0.39790305 0.50329689 0.48722124 0.50783053 0.50849588 0.53025197 0.53279360 0.11981877 0.44435933 0.48469852 0.48626148 0.49080160 0.39328865 0.50111943 0.72942953 0.83781583 0.73565010 0.43312946 0.42914047 0.79125226 0.85056309 0.69228173 
Neisseria_chenwenguii_10023_GCF_002216145.1.converted             0.73326328 0.65380408 1.04361014 0.69637355 0.65367340 0.87933471 0.88587533 0.85704446 0.88587301 0.55705572 0.56746103 0.54242153 0.54131577 0.58631056 0.58141111 0.67123858 0.69173430 0.58845680 0.31610735 0.32034417 0.40211676 0.52547427 0.43171573 0.36697157 0.36512303 0.36680021 0.33273122 0.48262131 0.00000000 0.38756194 0.33478822 0.28808945 0.34516981 0.39532495 0.44429224 0.35116932 0.36517813 0.34862757 0.36623250 0.36886247 0.31349684 0.36563464 0.36431886 0.47257536 0.29175890 0.31552309 0.39306574 0.36774713 0.48173098 0.52501742 0.31367451 0.31803833 0.50327247 0.38618284 0.42450161 0.31360773 0.35369130 0.35421171 0.36378733 0.36629377 0.49949534 0.45546950 0.33135605 0.33440208 0.48025442 0.38789236 0.47551709 0.75072502 0.86842763 0.74432426 0.40217881 0.39312456 0.79050545 0.87656508 0.70747069 
Neisseria_cinerea_NCTC10294_GCF_900475315.1.converted             0.77461168 0.70403454 1.17279438 0.79935263 0.70768045 1.00905400 1.01035200 0.99034157 1.00981372 0.63691039 0.64864086 0.62760579 0.63586644 0.65960137 0.64362295 0.71819909 0.73392879 0.66308724 0.23669410 0.38936927 0.46521890 0.56487425 0.51104409 0.10742957 0.10956296 0.10487337 0.39795989 0.54664346 0.38756194 0.00000000 0.39734177 0.38177052 0.44418411 0.46350630 0.44611355 0.26147889 0.12483354 0.41207385 0.11727724 0.11543449 0.23580900 0.11042556 0.11796109 0.52190388 0.37803377 0.23750994 0.48474361 0.10274857 0.56782884 0.61992999 0.23593891 0.23754355 0.56007086 0.45787521 0.49711979 0.29563477 0.26426221 0.26562790 0.11036140 0.10716839 0.55902613 0.50161891 0.39560643 0.39709531 0.52896376 0.45888100 0.55803249 0.76914183 0.88320694 0.79238705 0.50065931 0.47962631 0.84417348 0.89739569 0.73297658 
Neisseria_denitrificans-CCUG17229                                 0.67817697 0.61766255 1.12479112 0.73275097 0.64643499 0.97820210 0.99098352 0.96186659 0.98889209 0.60651468 0.61845537 0.59992516 0.60889712 0.62262390 0.60731985 0.62972906 0.64646555 0.62575901 0.34268400 0.32676033 0.40175103 0.49495485 0.52388419 0.39040663 0.39003308 0.38980465 0.04737032 0.48340724 0.33478822 0.39734177 0.00000000 0.31654865 0.38597974 0.40377372 0.48221215 0.33998166 0.39146363 0.15165490 0.39373225 0.39592311 0.33964890 0.38934978 0.38981183 0.44753985 0.18557597 0.34217911 0.42603402 0.39052493 0.56440798 0.55910771 0.33919335 0.34298125 0.49233886 0.39595644 0.50678787 0.34223221 0.33928428 0.34030110 0.38905849 0.38950412 0.49167991 0.43843846 0.09957513 0.11157087 0.45302780 0.39686567 0.51119975 0.67921395 0.81702109 0.70487369 0.40654079 0.39685160 0.72253087 0.77814675 0.64585838 
Neisseria_denitrificans-DSMZ17675                                 0.71343796 0.63884143 1.00452805 0.67117084 0.62746478 0.86015634 0.85822385 0.83063125 0.85692226 0.54016949 0.55209300 0.52698134 0.52030134 0.57643005 0.56233312 0.66013236 0.68228927 0.57863808 0.32611849 0.21315225 0.40117628 0.50957428 0.43493528 0.36272968 0.36127692 0.36292464 0.31476079 0.47232538 0.28808945 0.38177052 0.31654865 0.00000000 0.34106291 0.39291778 0.43839329 0.34634641 0.36067445 0.33463316 0.36179646 0.36541868 0.32272505 0.36155433 0.36004649 0.46824922 0.29535551 0.32487497 0.38685980 0.36427935 0.48608057 0.49352565 0.32238423 0.32784740 0.49444233 0.38350607 0.42384103 0.32015473 0.34789228 0.34896557 0.36036935 0.36179873 0.48920881 0.44560939 0.31663414 0.31787229 0.47730876 0.38423533 0.45264269 0.74482236 0.84561586 0.72525565 0.37920652 0.37476865 0.76268926 0.85397901 0.69539562 
Neisseria_dentiae_DSM_19151_GCF_014055005.1.converted             0.69283644 0.61070020 0.97921779 0.63981674 0.59711851 0.83658124 0.84008228 0.80981909 0.83913347 0.50451446 0.51464693 0.49080245 0.48163707 0.55120306 0.54492645 0.63946114 0.66725028 0.55297634 0.37970175 0.38074816 0.28857507 0.44920111 0.40970916 0.42127622 0.41862802 0.42037450 0.38433705 0.41275669 0.34516981 0.44418411 0.38597974 0.34106291 0.00000000 0.26039101 0.42407684 0.41123245 0.41915157 0.40512847 0.41885164 0.42365316 0.37660205 0.41973010 0.41717451 0.34909750 0.35751998 0.37880664 0.13610693 0.42217206 0.45279940 0.44938079 0.37667779 0.38150149 0.43410256 0.25792303 0.40345137 0.36255003 0.41252357 0.41401990 0.41785528 0.42026435 0.43033822 0.39124053 0.38839124 0.38471767 0.35772651 0.25758898 0.41250038 0.72870495 0.82480860 0.68380536 0.30589456 0.30736452 0.74177741 0.83972426 0.67934698 
Neisseria_dumasiana_DSM_104677_GCF_022870885.1.converted          0.70792903 0.63026250 1.09909169 0.70392695 0.62783573 0.95085861 0.95822003 0.93226000 0.95692484 0.56755536 0.57608845 0.55733146 0.55938445 0.60406167 0.59593719 0.65329344 0.67902982 0.60547602 0.40794908 0.40993067 0.22051376 0.44839965 0.48387626 0.44958453 0.44775261 0.44828217 0.40190357 0.39827132 0.39532495 0.46350630 0.40377372 0.39291778 0.26039101 0.00000000 0.46113573 0.42699939 0.44940446 0.42263193 0.44941837 0.45466608 0.40628135 0.44796880 0.44666584 0.33090557 0.38788607 0.40745584 0.30134963 0.44964867 0.51815339 0.48587003 0.40582342 0.40786285 0.42680217 0.13516083 0.47026059 0.39749275 0.42743142 0.42808943 0.44534742 0.44856804 0.42201868 0.34729135 0.40488079 0.40625753 0.33571415 0.11642209 0.47654956 0.72124276 0.81527338 0.69737547 0.35913595 0.34640312 0.75787369 0.82375397 0.67742169 
Neisseria_elongata_ATCC_29315_GCF_000818035.1.converted           0.74815252 0.66457845 1.08491302 0.70532303 0.65129083 0.92477274 0.93347637 0.90283197 0.93460186 0.53511823 0.55775666 0.52225416 0.53414084 0.59607108 0.56657506 0.68052202 0.69749934 0.59988129 0.38146685 0.46927280 0.47358966 0.56959850 0.31675078 0.42833872 0.42657675 0.42785430 0.48233766 0.48852502 0.44429224 0.44611355 0.48221215 0.43839329 0.42407684 0.46113573 0.00000000 0.42691526 0.42811537 0.49822418 0.42872680 0.43418906 0.38187738 0.42628250 0.42928324 0.53886023 0.44896368 0.38133781 0.47005647 0.43100568 0.35237737 0.53659779 0.38193333 0.38216010 0.50848226 0.45605036 0.30216901 0.37825860 0.42685772 0.43246998 0.42605272 0.42947175 0.50496989 0.50904363 0.48805187 0.47961754 0.54851485 0.45723083 0.45251082 0.75260443 0.87859635 0.76454072 0.46796320 0.45901795 0.80970500 0.89748351 0.71389195 
Neisseria_flavescens_ATCC_13120_GCF_005221285.1.converted         0.73054738 0.65963851 1.14597825 0.76701037 0.67638462 0.98924484 0.99561663 0.97240197 0.99500170 0.59918354 0.61230210 0.59263033 0.60282720 0.63362964 0.61871512 0.67671919 0.67941362 0.63623221 0.22438897 0.35526635 0.42702115 0.52404988 0.49471938 0.26208132 0.26016306 0.26174133 0.33924537 0.50723464 0.35116932 0.26147889 0.33998166 0.34634641 0.41123245 0.42699939 0.42691526 0.00000000 0.26416794 0.36002343 0.26313495 0.26423420 0.22429867 0.26105810 0.26169220 0.47839550 0.33509281 0.22558090 0.45194087 0.26109026 0.54280974 0.58659631 0.22418580 0.22476709 0.51826155 0.41740813 0.48078124 0.27684022 0.04924820 0.05489091 0.26119211 0.26019163 0.51687302 0.46389927 0.34486757 0.34284580 0.48451013 0.41834290 0.53521504 0.72629656 0.84317716 0.75140400 0.45696016 0.43871952 0.78061316 0.83412019 0.68442292 
Neisseria_gonorrhoeae                                             0.76501185 0.68715293 1.12184824 0.74787537 0.68489516 0.95915612 0.95936021 0.93699481 0.95811799 0.60383216 0.61808973 0.59156499 0.59734394 0.63282341 0.61444472 0.70415740 0.72322352 0.63581501 0.23281348 0.37704843 0.45549379 0.56605250 0.47606688 0.06651185 0.06371970 0.06684785 0.39288909 0.53398734 0.36517813 0.12483354 0.39146363 0.36067445 0.41915157 0.44940446 0.42811537 0.26416794 0.00000000 0.40717586 0.07686527 0.08342439 0.23241578 0.06359505 0.05247332 0.51947116 0.36272915 0.23300594 0.46361083 0.06640873 0.52764447 0.58844913 0.23154707 0.23529633 0.55296256 0.44276468 0.46657883 0.28501835 0.27427711 0.27593188 0.06427817 0.06626543 0.55011101 0.49481455 0.39232880 0.38858395 0.52744079 0.44380799 0.52909186 0.76999349 0.89332877 0.78341713 0.47859914 0.46315498 0.83380950 0.89843908 0.73004666 
Neisseria_iguanae_ATCC_51483_GCF_003013245.1.converted            0.71378065 0.65184220 1.16458597 0.76965834 0.67524930 1.01209229 1.02192689 0.99577185 1.02128146 0.63218671 0.63789490 0.62548566 0.63588200 0.65573871 0.63193531 0.66602436 0.67791670 0.65914432 0.35676423 0.34177027 0.41917515 0.51021339 0.54072736 0.40454983 0.40430951 0.40462520 0.14974878 0.50400108 0.34862757 0.41207385 0.15165490 0.33463316 0.40512847 0.42263193 0.49822418 0.36002343 0.40717586 0.00000000 0.40730075 0.41038998 0.35414811 0.40385668 0.40365147 0.46297248 0.19625898 0.35702979 0.44247861 0.40553668 0.57731154 0.58292271 0.35374873 0.35714437 0.51380618 0.41562613 0.52352752 0.35661068 0.35938982 0.35967521 0.40349857 0.40447981 0.51378922 0.45632792 0.15562254 0.16258301 0.46877434 0.41677975 0.52618996 0.71074659 0.83465022 0.72759250 0.42897134 0.41504550 0.75782672 0.81023969 0.68216134 
Neisseria_lactamica_NCTC10617_GCF_901482445.1.converted           0.75744720 0.68415190 1.11994982 0.73886649 0.68092463 0.95523869 0.95730051 0.93351063 0.95659659 0.60221322 0.61508439 0.59053056 0.59649821 0.62863413 0.61000520 0.70012207 0.71887654 0.63194600 0.23357936 0.37773586 0.45601008 0.56496511 0.47582582 0.07044384 0.07695172 0.07814260 0.39317552 0.53322621 0.36623250 0.11727724 0.39373225 0.36179646 0.41885164 0.44941837 0.42872680 0.26313495 0.07686527 0.40730075 0.00000000 0.06006695 0.23261132 0.07894867 0.07217733 0.51689846 0.36491246 0.23381992 0.46234117 0.07206161 0.53040300 0.58828037 0.23239388 0.23625927 0.55254708 0.44311933 0.46624697 0.28637666 0.27329677 0.27548477 0.07709840 0.07625734 0.54897443 0.49475845 0.39277270 0.38970718 0.52534463 0.44494292 0.52718924 0.76540078 0.89178853 0.77979247 0.47883516 0.46297194 0.83064603 0.89670989 0.72579548 
Neisseria_lactamica_NS19_GCF_000193795.1.converted                0.76456978 0.68929488 1.12665720 0.73812835 0.68477350 0.96202334 0.96335947 0.94047198 0.96517573 0.61231729 0.62573400 0.60031325 0.60473941 0.63589597 0.61909102 0.70555786 0.72345558 0.64009466 0.23522045 0.37879841 0.46248769 0.56962259 0.47984760 0.08080919 0.08357185 0.08434853 0.39640993 0.53919269 0.36886247 0.11543449 0.39592311 0.36541868 0.42365316 0.45466608 0.43418906 0.26423420 0.08342439 0.41038998 0.06006695 0.00000000 0.23509350 0.08444799 0.08124751 0.52274110 0.36778372 0.23516517 0.46770328 0.07996495 0.53488246 0.59569083 0.23454184 0.23781090 0.55824704 0.45007909 0.47115692 0.29014758 0.27583570 0.27799476 0.08397311 0.08322809 0.55495436 0.50125016 0.39099470 0.39235413 0.53059177 0.45097989 0.53188341 0.77071349 0.89431198 0.78544494 0.48236053 0.46795410 0.83618157 0.90250694 0.73130647 
Neisseria_macacae_ATCC_33926_GCF_022749495.1.converted            0.73792272 0.65718047 1.09611974 0.72897809 0.66389861 0.93473719 0.94033092 0.91401899 0.93852425 0.56546407 0.57950013 0.55342869 0.55905493 0.59735781 0.58638373 0.67573676 0.68578694 0.60159310 0.05502510 0.34036286 0.41101435 0.52654388 0.44032536 0.23103514 0.22838025 0.23020980 0.33752201 0.49552523 0.31349684 0.23580900 0.33964890 0.32272505 0.37660205 0.40628135 0.38187738 0.22429867 0.23241578 0.35414811 0.23261132 0.23509350 0.00000000 0.22944559 0.23146599 0.47692943 0.31532904 0.05405694 0.42357423 0.23101487 0.49698026 0.55729116 0.02861285 0.06884319 0.51233487 0.39718395 0.42953670 0.20524051 0.22330083 0.22891066 0.22747636 0.22982819 0.50999719 0.45797727 0.33987407 0.33809979 0.48365945 0.39923276 0.51193125 0.74162927 0.86341643 0.75140463 0.43641903 0.42149879 0.79298834 0.86288217 0.69553133 
Neisseria_maigaei_02_01105_XS1_1_GCF_958267405.1.converted        0.75961379 0.68396158 1.12385814 0.74900780 0.68454366 0.96173739 0.96395920 0.94073781 0.96299816 0.60590085 0.61818569 0.59482314 0.60072970 0.63201838 0.61631520 0.70034985 0.71900427 0.63520499 0.22938034 0.37573241 0.45418790 0.56174896 0.47868039 0.05922913 0.05037654 0.05666840 0.38932621 0.53235977 0.36563464 0.11042556 0.38934978 0.36155433 0.41973010 0.44796880 0.42628250 0.26105810 0.06359505 0.40385668 0.07894867 0.08444799 0.22944559 0.00000000 0.06258723 0.51722223 0.36231590 0.23010706 0.46407670 0.06210555 0.53366557 0.58988420 0.22868801 0.23209742 0.54906762 0.44289914 0.46778795 0.28406340 0.26845929 0.27050099 0.05162513 0.05781315 0.54643714 0.49163969 0.38875043 0.38685769 0.52420110 0.44407109 0.53062037 0.76293320 0.88498169 0.77844878 0.47863967 0.46194071 0.83066375 0.89237514 0.72305525 
Neisseria_meningitidis_8013_GCF_000026965.1.converted             0.75707368 0.68116967 1.12348780 0.74397385 0.68045937 0.95918453 0.96165054 0.93847374 0.96106812 0.60295774 0.61746030 0.59238889 0.59723570 0.63067156 0.61372166 0.69783792 0.71738801 0.63348057 0.23181322 0.37487414 0.45236821 0.56075231 0.47828807 0.06191086 0.06154713 0.06365991 0.38954587 0.53110459 0.36431886 0.11796109 0.38981183 0.36004649 0.41717451 0.44666584 0.42928324 0.26169220 0.05247332 0.40365147 0.07217733 0.08124751 0.23146599 0.06258723 0.00000000 0.51405880 0.36136696 0.23185334 0.46073162 0.05939629 0.53063656 0.58811744 0.23103682 0.23435643 0.54861169 0.44038304 0.46783362 0.28536048 0.27096950 0.27259186 0.06222001 0.06249136 0.54647910 0.49125946 0.38762665 0.38649887 0.52248230 0.44157791 0.52962796 0.76292714 0.88743468 0.77665281 0.47734180 0.46018830 0.82909004 0.89433506 0.72393563 
Neisseria_montereyensis_CSL10203-ORH2_GCF_024834045.1.converted   0.73685909 0.68082351 1.23001181 0.79181784 0.67552250 1.07866101 1.09135325 1.06511421 1.08819986 0.65028638 0.65779925 0.64470879 0.65754253 0.68745664 0.67443491 0.69345345 0.71422140 0.69092732 0.47725038 0.46849650 0.34894238 0.47687856 0.58481878 0.51694755 0.51481584 0.51645856 0.44517482 0.48588820 0.47257536 0.52190388 0.44753985 0.46824922 0.34909750 0.33090557 0.53886023 0.47839550 0.51947116 0.46297248 0.51689846 0.52274110 0.47692943 0.51722223 0.51405880 0.00000000 0.45488046 0.47765631 0.38011116 0.51694243 0.60760823 0.58520958 0.47617095 0.47723730 0.49064895 0.32880783 0.56652443 0.46873057 0.47843582 0.47818683 0.51484901 0.51559876 0.49115411 0.43132310 0.44652139 0.45131269 0.08833601 0.32916026 0.54575926 0.72447991 0.80617406 0.71783831 0.42635824 0.40540173 0.79289582 0.82886083 0.69695766 
